   0.0000000E+00  0.0000000E+00  0.0000000E+00
   0.0000000E+00  5.0000001E-02  0.0000000E+00
   0.0000000E+00  0.1000000      0.0000000E+00
   0.0000000E+00  0.1500000      0.0000000E+00
   0.0000000E+00  0.2000000      0.0000000E+00
   0.0000000E+00  0.2500000      0.0000000E+00
   0.0000000E+00  0.3000000      0.0000000E+00
   0.0000000E+00  0.3500000      0.0000000E+00
   0.0000000E+00  0.4000000      0.0000000E+00
   0.0000000E+00  0.4500000      0.0000000E+00
   0.0000000E+00  0.5000000      0.0000000E+00
   0.0000000E+00  0.5500000      0.0000000E+00
   0.0000000E+00  0.6000000      0.0000000E+00
   0.0000000E+00  0.6500000      0.0000000E+00
   0.0000000E+00  0.7000000      0.0000000E+00
   0.0000000E+00  0.7500000      0.0000000E+00
   0.0000000E+00  0.8000000      0.0000000E+00
   0.0000000E+00  0.8500000      0.0000000E+00
   0.0000000E+00  0.9000000      0.0000000E+00
   0.0000000E+00  0.9500000      0.0000000E+00
   0.0000000E+00   1.000000      0.0000000E+00
   5.0000001E-02  0.0000000E+00  0.0000000E+00
   5.0000001E-02  5.0000001E-02  6.9040678E-02
   5.0000001E-02  0.1000000      0.1366266    
   5.0000001E-02  0.1500000      0.2030306    
   5.0000001E-02  0.2000000      0.2676547    
   5.0000001E-02  0.2500000      0.3292440    
   5.0000001E-02  0.3000000      0.3857476    
   5.0000001E-02  0.3500000      0.4344770    
   5.0000001E-02  0.4000000      0.4723779    
   5.0000001E-02  0.4500000      0.4965294    
   5.0000001E-02  0.5000000      0.5048480    
   5.0000001E-02  0.5500000      0.4965294    
   5.0000001E-02  0.6000000      0.4723778    
   5.0000001E-02  0.6500000      0.4344770    
   5.0000001E-02  0.7000000      0.3857476    
   5.0000001E-02  0.7500000      0.3292439    
   5.0000001E-02  0.8000000      0.2676548    
   5.0000001E-02  0.8500000      0.2030306    
   5.0000001E-02  0.9000000      0.1366265    
   5.0000001E-02  0.9500000      6.9040716E-02
   5.0000001E-02   1.000000      0.0000000E+00
   0.1000000      0.0000000E+00  0.0000000E+00
   0.1000000      5.0000001E-02  0.1366266    
   0.1000000      0.1000000      0.2714879    
   0.1000000      0.1500000      0.4046192    
   0.1000000      0.2000000      0.5349196    
   0.1000000      0.2500000      0.6599197    
   0.1000000      0.3000000      0.7754524    
   0.1000000      0.3500000      0.8758663    
   0.1000000      0.4000000      0.9545332    
   0.1000000      0.4500000       1.004947    
   0.1000000      0.5000000       1.022366    
   0.1000000      0.5500000       1.004947    
   0.1000000      0.6000000      0.9545333    
   0.1000000      0.6500000      0.8758664    
   0.1000000      0.7000000      0.7754526    
   0.1000000      0.7500000      0.6599197    
   0.1000000      0.8000000      0.5349194    
   0.1000000      0.8500000      0.4046192    
   0.1000000      0.9000000      0.2714879    
   0.1000000      0.9500000      0.1366266    
   0.1000000       1.000000      0.0000000E+00
   0.1500000      0.0000000E+00  0.0000000E+00
   0.1500000      5.0000001E-02  0.2030306    
   0.1500000      0.1000000      0.4046192    
   0.1500000      0.1500000      0.6050488    
   0.1500000      0.2000000      0.8029675    
   0.1500000      0.2500000      0.9949446    
   0.1500000      0.3000000       1.174647    
   0.1500000      0.3500000       1.332958    
   0.1500000      0.4000000       1.458570    
   0.1500000      0.4500000       1.539873    
   0.1500000      0.5000000       1.568123    
   0.1500000      0.5500000       1.539873    
   0.1500000      0.6000000       1.458570    
   0.1500000      0.6500000       1.332958    
   0.1500000      0.7000000       1.174647    
   0.1500000      0.7500000      0.9949446    
   0.1500000      0.8000000      0.8029675    
   0.1500000      0.8500000      0.6050487    
   0.1500000      0.9000000      0.4046192    
   0.1500000      0.9500000      0.2030307    
   0.1500000       1.000000      0.0000000E+00
   0.2000000      0.0000000E+00  0.0000000E+00
   0.2000000      5.0000001E-02  0.2676547    
   0.2000000      0.1000000      0.5349196    
   0.2000000      0.1500000      0.8029675    
   0.2000000      0.2000000       1.070865    
   0.2000000      0.2500000       1.334813    
   0.2000000      0.3000000       1.586537    
   0.2000000      0.3500000       1.812933    
   0.2000000      0.4000000       1.996244    
   0.2000000      0.4500000       2.116874    
   0.2000000      0.5000000       2.159195    
   0.2000000      0.5500000       2.116875    
   0.2000000      0.6000000       1.996244    
   0.2000000      0.6500000       1.812933    
   0.2000000      0.7000000       1.586537    
   0.2000000      0.7500000       1.334813    
   0.2000000      0.8000000       1.070865    
   0.2000000      0.8500000      0.8029675    
   0.2000000      0.9000000      0.5349196    
   0.2000000      0.9500000      0.2676549    
   0.2000000       1.000000      0.0000000E+00
   0.2500000      0.0000000E+00  0.0000000E+00
   0.2500000      5.0000001E-02  0.3292440    
   0.2500000      0.1000000      0.6599198    
   0.2500000      0.1500000      0.9949447    
   0.2500000      0.2000000       1.334813    
   0.2500000      0.2500000       1.676512    
   0.2500000      0.3000000       2.010701    
   0.2500000      0.3500000       2.320179    
   0.2500000      0.4000000       2.578298    
   0.2500000      0.4500000       2.752385    
   0.2500000      0.5000000       2.814327    
   0.2500000      0.5500000       2.752385    
   0.2500000      0.6000000       2.578298    
   0.2500000      0.6500000       2.320179    
   0.2500000      0.7000000       2.010701    
   0.2500000      0.7500000       1.676513    
   0.2500000      0.8000000       1.334813    
   0.2500000      0.8500000      0.9949446    
   0.2500000      0.9000000      0.6599197    
   0.2500000      0.9500000      0.3292442    
   0.2500000       1.000000      0.0000000E+00
   0.3000000      0.0000000E+00  0.0000000E+00
   0.3000000      5.0000001E-02  0.3857476    
   0.3000000      0.1000000      0.7754526    
   0.3000000      0.1500000       1.174648    
   0.3000000      0.2000000       1.586537    
   0.3000000      0.2500000       2.010701    
   0.3000000      0.3000000       2.438856    
   0.3000000      0.3500000       2.851233    
   0.3000000      0.4000000       3.210215    
   0.3000000      0.4500000       3.461905    
   0.3000000      0.5000000       3.553650    
   0.3000000      0.5500000       3.461906    
   0.3000000      0.6000000       3.210215    
   0.3000000      0.6500000       2.851234    
   0.3000000      0.7000000       2.438856    
   0.3000000      0.7500000       2.010701    
   0.3000000      0.8000000       1.586537    
   0.3000000      0.8500000       1.174647    
   0.3000000      0.9000000      0.7754526    
   0.3000000      0.9500000      0.3857479    
   0.3000000       1.000000      0.0000000E+00
   0.3500000      0.0000000E+00  0.0000000E+00
   0.3500000      5.0000001E-02  0.4344772    
   0.3500000      0.1000000      0.8758666    
   0.3500000      0.1500000       1.332959    
   0.3500000      0.2000000       1.812933    
   0.3500000      0.2500000       2.320179    
   0.3500000      0.3000000       2.851234    
   0.3500000      0.3500000       3.388714    
   0.3500000      0.4000000       3.884989    
   0.3500000      0.4500000       4.253290    
   0.3500000      0.5000000       4.392447    
   0.3500000      0.5500000       4.253290    
   0.3500000      0.6000000       3.884989    
   0.3500000      0.6500000       3.388715    
   0.3500000      0.7000000       2.851234    
   0.3500000      0.7500000       2.320179    
   0.3500000      0.8000000       1.812933    
   0.3500000      0.8500000       1.332959    
   0.3500000      0.9000000      0.8758664    
   0.3500000      0.9500000      0.4344774    
   0.3500000       1.000000      0.0000000E+00
   0.4000000      0.0000000E+00  0.0000000E+00
   0.4000000      5.0000001E-02  0.4723781    
   0.4000000      0.1000000      0.9545335    
   0.4000000      0.1500000       1.458571    
   0.4000000      0.2000000       1.996245    
   0.4000000      0.2500000       2.578298    
   0.4000000      0.3000000       3.210216    
   0.4000000      0.3500000       3.884990    
   0.4000000      0.4000000       4.554421    
   0.4000000      0.4500000       5.092916    
   0.4000000      0.5000000       5.308259    
   0.4000000      0.5500000       5.092916    
   0.4000000      0.6000000       4.554422    
   0.4000000      0.6500000       3.884990    
   0.4000000      0.7000000       3.210217    
   0.4000000      0.7500000       2.578299    
   0.4000000      0.8000000       1.996245    
   0.4000000      0.8500000       1.458571    
   0.4000000      0.9000000      0.9545338    
   0.4000000      0.9500000      0.4723782    
   0.4000000       1.000000      0.0000000E+00
   0.4500000      0.0000000E+00  0.0000000E+00
   0.4500000      5.0000001E-02  0.4965296    
   0.4500000      0.1000000       1.004947    
   0.4500000      0.1500000       1.539873    
   0.4500000      0.2000000       2.116875    
   0.4500000      0.2500000       2.752386    
   0.4500000      0.3000000       3.461907    
   0.4500000      0.3500000       4.253292    
   0.4500000      0.4000000       5.092917    
   0.4500000      0.4500000       5.834577    
   0.4500000      0.5000000       6.155381    
   0.4500000      0.5500000       5.834577    
   0.4500000      0.6000000       5.092917    
   0.4500000      0.6500000       4.253292    
   0.4500000      0.7000000       3.461907    
   0.4500000      0.7500000       2.752386    
   0.4500000      0.8000000       2.116875    
   0.4500000      0.8500000       1.539873    
   0.4500000      0.9000000       1.004947    
   0.4500000      0.9500000      0.4965298    
   0.4500000       1.000000      0.0000000E+00
   0.5000000      0.0000000E+00  0.0000000E+00
   0.5000000      5.0000001E-02  0.5048483    
   0.5000000      0.1000000       1.022367    
   0.5000000      0.1500000       1.568124    
   0.5000000      0.2000000       2.159196    
   0.5000000      0.2500000       2.814328    
   0.5000000      0.3000000       3.553652    
   0.5000000      0.3500000       4.392449    
   0.5000000      0.4000000       5.308261    
   0.5000000      0.4500000       6.155384    
   0.5000000      0.5000000       6.537851    
   0.5000000      0.5500000       6.155383    
   0.5000000      0.6000000       5.308261    
   0.5000000      0.6500000       4.392449    
   0.5000000      0.7000000       3.553653    
   0.5000000      0.7500000       2.814328    
   0.5000000      0.8000000       2.159196    
   0.5000000      0.8500000       1.568124    
   0.5000000      0.9000000       1.022367    
   0.5000000      0.9500000      0.5048485    
   0.5000000       1.000000      0.0000000E+00
   0.5500000      0.0000000E+00  0.0000000E+00
   0.5500000      5.0000001E-02  0.4965296    
   0.5500000      0.1000000       1.004947    
   0.5500000      0.1500000       1.539874    
   0.5500000      0.2000000       2.116876    
   0.5500000      0.2500000       2.752386    
   0.5500000      0.3000000       3.461908    
   0.5500000      0.3500000       4.253293    
   0.5500000      0.4000000       5.092919    
   0.5500000      0.4500000       5.834580    
   0.5500000      0.5000000       6.155385    
   0.5500000      0.5500000       5.834580    
   0.5500000      0.6000000       5.092920    
   0.5500000      0.6500000       4.253294    
   0.5500000      0.7000000       3.461909    
   0.5500000      0.7500000       2.752388    
   0.5500000      0.8000000       2.116876    
   0.5500000      0.8500000       1.539874    
   0.5500000      0.9000000       1.004947    
   0.5500000      0.9500000      0.4965299    
   0.5500000       1.000000      0.0000000E+00
   0.6000000      0.0000000E+00  0.0000000E+00
   0.6000000      5.0000001E-02  0.4723780    
   0.6000000      0.1000000      0.9545339    
   0.6000000      0.1500000       1.458571    
   0.6000000      0.2000000       1.996245    
   0.6000000      0.2500000       2.578299    
   0.6000000      0.3000000       3.210217    
   0.6000000      0.3500000       3.884992    
   0.6000000      0.4000000       4.554425    
   0.6000000      0.4500000       5.092920    
   0.6000000      0.5000000       5.308263    
   0.6000000      0.5500000       5.092921    
   0.6000000      0.6000000       4.554425    
   0.6000000      0.6500000       3.884993    
   0.6000000      0.7000000       3.210218    
   0.6000000      0.7500000       2.578300    
   0.6000000      0.8000000       1.996245    
   0.6000000      0.8500000       1.458571    
   0.6000000      0.9000000      0.9545340    
   0.6000000      0.9500000      0.4723786    
   0.6000000       1.000000      0.0000000E+00
   0.6500000      0.0000000E+00  0.0000000E+00
   0.6500000      5.0000001E-02  0.4344772    
   0.6500000      0.1000000      0.8758668    
   0.6500000      0.1500000       1.332959    
   0.6500000      0.2000000       1.812934    
   0.6500000      0.2500000       2.320180    
   0.6500000      0.3000000       2.851235    
   0.6500000      0.3500000       3.388717    
   0.6500000      0.4000000       3.884993    
   0.6500000      0.4500000       4.253294    
   0.6500000      0.5000000       4.392451    
   0.6500000      0.5500000       4.253295    
   0.6500000      0.6000000       3.884993    
   0.6500000      0.6500000       3.388718    
   0.6500000      0.7000000       2.851236    
   0.6500000      0.7500000       2.320181    
   0.6500000      0.8000000       1.812935    
   0.6500000      0.8500000       1.332960    
   0.6500000      0.9000000      0.8758671    
   0.6500000      0.9500000      0.4344777    
   0.6500000       1.000000      0.0000000E+00
   0.7000000      0.0000000E+00  0.0000000E+00
   0.7000000      5.0000001E-02  0.3857478    
   0.7000000      0.1000000      0.7754528    
   0.7000000      0.1500000       1.174648    
   0.7000000      0.2000000       1.586538    
   0.7000000      0.2500000       2.010702    
   0.7000000      0.3000000       2.438857    
   0.7000000      0.3500000       2.851236    
   0.7000000      0.4000000       3.210218    
   0.7000000      0.4500000       3.461910    
   0.7000000      0.5000000       3.553653    
   0.7000000      0.5500000       3.461910    
   0.7000000      0.6000000       3.210218    
   0.7000000      0.6500000       2.851236    
   0.7000000      0.7000000       2.438859    
   0.7000000      0.7500000       2.010703    
   0.7000000      0.8000000       1.586538    
   0.7000000      0.8500000       1.174649    
   0.7000000      0.9000000      0.7754532    
   0.7000000      0.9500000      0.3857481    
   0.7000000       1.000000      0.0000000E+00
   0.7500000      0.0000000E+00  0.0000000E+00
   0.7500000      5.0000001E-02  0.3292442    
   0.7500000      0.1000000      0.6599202    
   0.7500000      0.1500000      0.9949453    
   0.7500000      0.2000000       1.334814    
   0.7500000      0.2500000       1.676514    
   0.7500000      0.3000000       2.010702    
   0.7500000      0.3500000       2.320181    
   0.7500000      0.4000000       2.578300    
   0.7500000      0.4500000       2.752388    
   0.7500000      0.5000000       2.814329    
   0.7500000      0.5500000       2.752388    
   0.7500000      0.6000000       2.578300    
   0.7500000      0.6500000       2.320181    
   0.7500000      0.7000000       2.010703    
   0.7500000      0.7500000       1.676514    
   0.7500000      0.8000000       1.334814    
   0.7500000      0.8500000      0.9949454    
   0.7500000      0.9000000      0.6599203    
   0.7500000      0.9500000      0.3292444    
   0.7500000       1.000000      0.0000000E+00
   0.8000000      0.0000000E+00  0.0000000E+00
   0.8000000      5.0000001E-02  0.2676549    
   0.8000000      0.1000000      0.5349196    
   0.8000000      0.1500000      0.8029680    
   0.8000000      0.2000000       1.070865    
   0.8000000      0.2500000       1.334813    
   0.8000000      0.3000000       1.586538    
   0.8000000      0.3500000       1.812934    
   0.8000000      0.4000000       1.996245    
   0.8000000      0.4500000       2.116876    
   0.8000000      0.5000000       2.159196    
   0.8000000      0.5500000       2.116876    
   0.8000000      0.6000000       1.996246    
   0.8000000      0.6500000       1.812935    
   0.8000000      0.7000000       1.586538    
   0.8000000      0.7500000       1.334814    
   0.8000000      0.8000000       1.070866    
   0.8000000      0.8500000      0.8029681    
   0.8000000      0.9000000      0.5349200    
   0.8000000      0.9500000      0.2676550    
   0.8000000       1.000000      0.0000000E+00
   0.8500000      0.0000000E+00  0.0000000E+00
   0.8500000      5.0000001E-02  0.2030307    
   0.8500000      0.1000000      0.4046194    
   0.8500000      0.1500000      0.6050491    
   0.8500000      0.2000000      0.8029680    
   0.8500000      0.2500000      0.9949452    
   0.8500000      0.3000000       1.174648    
   0.8500000      0.3500000       1.332960    
   0.8500000      0.4000000       1.458572    
   0.8500000      0.4500000       1.539874    
   0.8500000      0.5000000       1.568124    
   0.8500000      0.5500000       1.539874    
   0.8500000      0.6000000       1.458572    
   0.8500000      0.6500000       1.332960    
   0.8500000      0.7000000       1.174649    
   0.8500000      0.7500000      0.9949456    
   0.8500000      0.8000000      0.8029682    
   0.8500000      0.8500000      0.6050491    
   0.8500000      0.9000000      0.4046196    
   0.8500000      0.9500000      0.2030308    
   0.8500000       1.000000      0.0000000E+00
   0.9000000      0.0000000E+00  0.0000000E+00
   0.9000000      5.0000001E-02  0.1366266    
   0.9000000      0.1000000      0.2714881    
   0.9000000      0.1500000      0.4046195    
   0.9000000      0.2000000      0.5349199    
   0.9000000      0.2500000      0.6599202    
   0.9000000      0.3000000      0.7754530    
   0.9000000      0.3500000      0.8758671    
   0.9000000      0.4000000      0.9545342    
   0.9000000      0.4500000       1.004947    
   0.9000000      0.5000000       1.022367    
   0.9000000      0.5500000       1.004947    
   0.9000000      0.6000000      0.9545342    
   0.9000000      0.6500000      0.8758671    
   0.9000000      0.7000000      0.7754532    
   0.9000000      0.7500000      0.6599206    
   0.9000000      0.8000000      0.5349199    
   0.9000000      0.8500000      0.4046196    
   0.9000000      0.9000000      0.2714880    
   0.9000000      0.9500000      0.1366268    
   0.9000000       1.000000      0.0000000E+00
   0.9500000      0.0000000E+00  0.0000000E+00
   0.9500000      5.0000001E-02  6.9040768E-02
   0.9500000      0.1000000      0.1366268    
   0.9500000      0.1500000      0.2030309    
   0.9500000      0.2000000      0.2676552    
   0.9500000      0.2500000      0.3292445    
   0.9500000      0.3000000      0.3857482    
   0.9500000      0.3500000      0.4344778    
   0.9500000      0.4000000      0.4723787    
   0.9500000      0.4500000      0.4965302    
   0.9500000      0.5000000      0.5048488    
   0.9500000      0.5500000      0.4965302    
   0.9500000      0.6000000      0.4723787    
   0.9500000      0.6500000      0.4344778    
   0.9500000      0.7000000      0.3857483    
   0.9500000      0.7500000      0.3292447    
   0.9500000      0.8000000      0.2676550    
   0.9500000      0.8500000      0.2030308    
   0.9500000      0.9000000      0.1366268    
   0.9500000      0.9500000      6.9040820E-02
   0.9500000       1.000000      0.0000000E+00
    1.000000      0.0000000E+00  0.0000000E+00
    1.000000      5.0000001E-02  0.0000000E+00
    1.000000      0.1000000      0.0000000E+00
    1.000000      0.1500000      0.0000000E+00
    1.000000      0.2000000      0.0000000E+00
    1.000000      0.2500000      0.0000000E+00
    1.000000      0.3000000      0.0000000E+00
    1.000000      0.3500000      0.0000000E+00
    1.000000      0.4000000      0.0000000E+00
    1.000000      0.4500000      0.0000000E+00
    1.000000      0.5000000      0.0000000E+00
    1.000000      0.5500000      0.0000000E+00
    1.000000      0.6000000      0.0000000E+00
    1.000000      0.6500000      0.0000000E+00
    1.000000      0.7000000      0.0000000E+00
    1.000000      0.7500000      0.0000000E+00
    1.000000      0.8000000      0.0000000E+00
    1.000000      0.8500000      0.0000000E+00
    1.000000      0.9000000      0.0000000E+00
    1.000000      0.9500000      0.0000000E+00
    1.000000       1.000000      0.0000000E+00